2 1 3 1 4 1
5 2 6 2 3 2
7 3 8 3 6 3
9 4 10 4 8 4
9 5 11 5 12 5
14 6 2 6 1 6
15 7 5 7 2 7
16 3 7 3 5 3
17 8 9 8 7 8
17 9 18 9 11 9
19 10 20 10 14 10
21 11 15 11 14 11
21 3 22 3 16 3
23 12 17 12 16 12
23 13 24 13 18 13
25 14 26 14 20 14
26 15 27 15 21 15
27 3 28 3 22 3
28 16 29 16 23 16
30 17 24 17 23 17
31 18 32 18 26 18
32 19 33 19 27 19
33 3 34 3 28 3
34 20 35 20 29 20
36 21 30 21 29 21
38 22 39 22 40 22
41 23 42 23 39 23
43 3 44 3 42 3
45 24 46 24 44 24
45 25 47 25 48 25
50 26 38 26 37 26
51 27 41 27 38 27
52 3 43 3 41 3
53 28 45 28 43 28
53 29 54 29 47 29
55 30 56 30 50 30
56 31 57 31 51 31
58 3 52 3 51 3
59 32 53 32 52 32
59 33 60 33 54 33
61 34 62 34 56 34
62 35 63 35 57 35
63 3 64 3 58 3
64 36 65 36 59 36
66 37 60 37 59 37
4 38 3 38 62 38
3 39 6 39 63 39
6 3 8 3 64 3
8 40 10 40 65 40
12 41 66 41 65 41
68 42 69 42 70 42
71 43 72 43 69 43
73 3 74 3 72 3
75 44 76 44 74 44
75 45 77 45 78 45
80 46 68 46 67 46
81 47 71 47 68 47
82 3 73 3 71 3
83 48 75 48 73 48
83 49 84 49 77 49
86 50 80 50 79 50
86 51 87 51 81 51
88 3 82 3 81 3
89 52 83 52 82 52
89 53 90 53 84 53
91 54 92 54 86 54
92 55 93 55 87 55
93 3 94 3 88 3
94 56 95 56 89 56
96 57 90 57 89 57
40 58 39 58 92 58
39 59 42 59 93 59
42 3 44 3 94 3
44 60 46 60 95 60
48 61 96 61 95 61
98 62 32 62 31 62
99 63 33 63 32 63
100 3 34 3 33 3
101 64 35 64 34 64
101 65 102 65 36 65
104 66 98 66 97 66
105 67 99 67 98 67
106 3 100 3 99 3
107 68 101 68 100 68
107 69 108 69 102 69
109 70 110 70 104 70
111 71 105 71 104 71
111 3 112 3 106 3
113 72 107 72 106 72
114 73 108 73 107 73
115 74 116 74 110 74
116 75 117 75 111 75
117 3 118 3 112 3
118 76 119 76 113 76
120 77 114 77 113 77
70 78 69 78 116 78
69 79 72 79 117 79
72 3 74 3 118 3
74 80 76 80 119 80
78 81 120 81 119 81
122 82 123 82 124 82
125 83 126 83 123 83
127 84 128 84 126 84
129 85 130 85 128 85
1 86 4 86 130 86
132 87 122 87 121 87
133 88 125 88 122 88
134 89 127 89 125 89
135 90 129 90 127 90
13 91 1 91 129 91
137 92 132 92 131 92
138 93 133 93 132 93
138 94 139 94 134 94
140 95 135 95 134 95
140 96 19 96 13 96
141 97 142 97 137 97
142 98 143 98 138 98
143 99 144 99 139 99
144 100 145 100 140 100
145 101 25 101 19 101
146 102 147 102 142 102
147 103 148 103 143 103
148 104 149 104 144 104
149 105 150 105 145 105
150 106 31 106 25 106
152 107 153 107 154 107
155 108 156 108 153 108
157 109 158 109 156 109
159 110 160 110 158 110
37 111 40 111 160 111
162 112 152 112 151 112
163 113 155 113 152 113
164 114 157 114 155 114
165 115 159 115 157 115
49 116 37 116 159 116
166 117 167 117 162 117
167 118 168 118 163 118
168 119 169 119 164 119
170 120 165 120 164 120
170 121 55 121 49 121
171 122 172 122 167 122
172 123 173 123 168 123
173 124 174 124 169 124
174 125 175 125 170 125
175 126 61 126 55 126
124 127 123 127 172 127
123 128 126 128 173 128
126 129 128 129 174 129
128 130 130 130 175 130
130 131 4 131 61 131
177 132 178 132 179 132
180 133 181 133 178 133
182 134 183 134 181 134
184 135 185 135 183 135
67 136 70 136 185 136
187 137 177 137 176 137
188 138 180 138 177 138
189 139 182 139 180 139
190 140 184 140 182 140
79 141 67 141 184 141
191 142 192 142 187 142
193 143 188 143 187 143
193 144 194 144 189 144
195 145 190 145 189 145
195 146 85 146 79 146
196 147 197 147 192 147
197 148 198 148 193 148
198 149 199 149 194 149
199 150 200 150 195 150
200 151 91 151 85 151
154 152 153 152 197 152
153 153 156 153 198 153
156 154 158 154 199 154
158 155 160 155 200 155
160 156 40 156 91 156
202 157 147 157 146 157
203 158 148 158 147 158
204 159 149 159 148 159
205 160 150 160 149 160
97 161 31 161 150 161
207 162 202 162 201 162
208 163 203 163 202 163
209 164 204 164 203 164
210 165 205 165 204 165
103 166 97 166 205 166
211 167 212 167 207 167
213 168 208 168 207 168
213 169 214 169 209 169
215 170 210 170 209 170
109 171 103 171 210 171
216 172 217 172 212 172
217 173 218 173 213 173
218 174 219 174 214 174
219 175 220 175 215 175
220 176 115 176 109 176
179 177 178 177 217 177
178 178 181 178 218 178
181 179 183 179 219 179
183 180 185 180 220 180
185 181 70 181 115 181
221 182 222 182 223 182
222 183 225 183 226 183
225 184 227 184 228 184
227 185 229 185 230 185
229 186 121 186 124 186
231 187 232 187 222 187
232 188 233 188 225 188
233 189 234 189 227 189
234 190 235 190 229 190
235 191 131 191 121 191
237 192 232 192 231 192
237 193 238 193 233 193
239 194 234 194 233 194
240 195 235 195 234 195
136 196 131 196 235 196
242 197 237 197 236 197
243 198 238 198 237 198
244 199 239 199 238 199
245 200 240 200 239 200
141 201 136 201 240 201
247 202 242 202 241 202
248 203 243 203 242 203
249 204 244 204 243 204
250 205 245 205 244 205
146 206 141 206 245 206
251 207 252 207 253 207
252 208 255 208 256 208
255 209 257 209 258 209
257 210 259 210 260 210
259 211 151 211 154 211
261 212 262 212 252 212
262 213 263 213 255 213
263 214 264 214 257 214
264 215 265 215 259 215
265 216 161 216 151 216
266 217 267 217 262 217
268 218 263 218 262 218
269 219 264 219 263 219
270 220 265 220 264 220
270 221 166 221 161 221
272 222 267 222 266 222
273 223 268 223 267 223
274 224 269 224 268 224
275 225 270 225 269 225
171 226 166 226 270 226
223 227 272 227 271 227
226 228 273 228 272 228
228 229 274 229 273 229
230 230 275 230 274 230
124 231 171 231 275 231
276 232 277 232 278 232
277 233 280 233 281 233
280 234 282 234 283 234
282 235 284 235 285 235
284 236 176 236 179 236
286 237 287 237 277 237
287 238 288 238 280 238
288 239 289 239 282 239
289 240 290 240 284 240
290 241 186 241 176 241
291 242 292 242 287 242
293 243 288 243 287 243
294 244 289 244 288 244
295 245 290 245 289 245
191 246 186 246 290 246
297 247 292 247 291 247
298 248 293 248 292 248
299 249 294 249 293 249
300 250 295 250 294 250
196 251 191 251 295 251
253 252 297 252 296 252
256 253 298 253 297 253
258 254 299 254 298 254
260 255 300 255 299 255
154 256 196 256 300 256
301 257 302 257 247 257
302 258 303 258 248 258
303 259 304 259 249 259
304 260 305 260 250 260
305 261 201 261 146 261
306 262 307 262 302 262
307 263 308 263 303 263
308 264 309 264 304 264
309 265 310 265 305 265
310 266 206 266 201 266
312 267 307 267 306 267
313 268 308 268 307 268
313 269 314 269 309 269
315 270 310 270 309 270
315 271 211 271 206 271
317 272 312 272 311 272
318 273 313 273 312 273
319 274 314 274 313 274
320 275 315 275 314 275
216 276 211 276 315 276
278 277 317 277 316 277
281 278 318 278 317 278
283 279 319 279 318 279
285 280 320 280 319 280
179 281 216 281 320 281
321 282 322 282 323 282
322 283 325 283 326 283
325 284 327 284 328 284
327 285 329 285 330 285
331 286 332 286 330 286
333 287 334 287 322 287
334 288 335 288 325 288
335 289 336 289 327 289
336 290 337 290 329 290
338 291 331 291 329 291
339 292 340 292 334 292
340 292 341 292 335 292
341 292 342 292 336 292
342 292 343 292 337 292
344 292 338 292 337 292
345 293 346 293 340 293
346 294 347 294 341 294
347 295 348 295 342 295
348 296 349 296 343 296
350 297 344 297 343 297
351 298 352 298 346 298
352 299 353 299 347 299
353 300 354 300 348 300
354 301 355 301 349 301
356 302 350 302 349 302
358 303 352 303 351 303
359 304 353 304 352 304
360 305 354 305 353 305
361 306 355 306 354 306
361 307 362 307 356 307
364 308 358 308 357 308
365 309 359 309 358 309
366 310 360 310 359 310
367 311 361 311 360 311
367 312 368 312 362 312
370 313 364 313 363 313
371 313 365 313 364 313
372 313 366 313 365 313
373 313 367 313 366 313
373 313 374 313 368 313
376 314 370 314 369 314
377 315 371 315 370 315
378 316 372 316 371 316
379 317 373 317 372 317
379 318 380 318 374 318
323 319 376 319 375 319
326 320 377 320 376 320
328 321 378 321 377 321
330 322 379 322 378 322
330 323 332 323 380 323
381 324 382 324 383 324
382 325 385 325 386 325
385 326 387 326 388 326
387 327 389 327 390 327
389 328 321 328 324 328
391 329 392 329 382 329
392 330 393 330 385 330
393 331 394 331 387 331
394 332 395 332 389 332
395 333 333 333 321 333
396 292 397 292 392 292
397 292 398 292 393 292
398 292 399 292 394 292
399 292 400 292 395 292
400 292 339 292 333 292
401 334 402 334 397 334
402 335 403 335 398 335
403 336 404 336 399 336
404 337 405 337 400 337
405 338 345 338 339 338
154 339 406 339 402 339
406 340 407 340 403 340
407 341 408 341 404 341
408 342 409 342 405 342
409 343 351 343 345 343
411 344 406 344 154 344
412 345 407 345 406 345
413 346 408 346 407 346
414 347 409 347 408 347
357 348 351 348 409 348
416 349 411 349 410 349
417 350 412 350 411 350
418 351 413 351 412 351
419 352 414 352 413 352
363 353 357 353 414 353
421 313 416 313 415 313
422 313 417 313 416 313
423 313 418 313 417 313
424 313 419 313 418 313
369 313 363 313 419 313
426 354 421 354 420 354
427 355 422 355 421 355
428 356 423 356 422 356
429 357 424 357 423 357
375 358 369 358 424 358
383 359 426 359 425 359
386 360 427 360 426 360
388 361 428 361 427 361
390 362 429 362 428 362
324 363 375 363 429 363
430 364 431 364 432 364
431 365 434 365 435 365
436 366 437 366 435 366
438 367 439 367 437 367
440 368 441 368 439 368
442 369 443 369 431 369
443 370 444 370 434 370
445 371 436 371 434 371
446 372 438 372 436 372
447 373 440 373 438 373
448 374 449 374 443 374
450 375 444 375 443 375
451 376 445 376 444 376
452 377 446 377 445 377
453 378 447 378 446 378
454 379 455 379 449 379
456 380 450 380 449 380
457 381 451 381 450 381
458 382 452 382 451 382
459 383 453 383 452 383
460 384 461 384 455 384
462 385 456 385 455 385
463 386 457 386 456 386
464 387 458 387 457 387
465 388 459 388 458 388
467 389 461 389 460 389
467 390 468 390 462 390
468 391 469 391 463 391
469 392 470 392 464 392
470 393 471 393 465 393
473 394 467 394 466 394
473 395 474 395 468 395
474 396 475 396 469 396
475 397 476 397 470 397
476 398 477 398 471 398
479 399 473 399 472 399
479 400 480 400 474 400
480 401 481 401 475 401
481 402 482 402 476 402
482 403 483 403 477 403
485 404 479 404 478 404
486 405 480 405 479 405
486 406 487 406 481 406
487 407 488 407 482 407
488 408 489 408 483 408
432 409 485 409 484 409
435 410 486 410 485 410
435 411 437 411 487 411
437 412 439 412 488 412
439 413 441 413 489 413
491 414 492 414 493 414
494 415 495 415 492 415
496 416 497 416 495 416
496 417 498 417 499 417
498 418 430 418 433 418
501 419 491 419 490 419
502 420 494 420 491 420
503 421 496 421 494 421
503 422 504 422 498 422
504 423 442 423 430 423
506 424 501 424 500 424
507 425 502 425 501 425
507 426 508 426 503 426
508 427 509 427 504 427
509 428 448 428 442 428
511 429 506 429 505 429
512 430 507 430 506 430
512 431 513 431 508 431
513 432 514 432 509 432
514 433 454 433 448 433
516 434 511 434 510 434
517 435 512 435 511 435
517 436 518 436 513 436
518 437 519 437 514 437
519 438 460 438 454 438
520 439 521 439 516 439
521 440 522 440 517 440
523 441 518 441 517 441
524 442 519 442 518 442
466 443 460 443 519 443
525 444 526 444 521 444
526 445 527 445 522 445
528 446 523 446 522 446
529 447 524 447 523 447
472 448 466 448 524 448
530 449 531 449 526 449
531 450 532 450 527 450
533 451 528 451 527 451
534 452 529 452 528 452
478 453 472 453 529 453
535 454 536 454 531 454
536 455 537 455 532 455
537 456 538 456 533 456
539 457 534 457 533 457
484 458 478 458 534 458
493 459 492 459 536 459
492 460 495 460 537 460
495 461 497 461 538 461
499 462 539 462 538 462
433 463 484 463 539 463
541 464 542 464 543 464
541 465 544 465 545 465
544 466 546 466 547 466
548 467 549 467 547 467
548 468 550 468 549 468
552 469 541 469 540 469
552 470 553 470 544 470
553 471 554 471 546 471
555 472 548 472 546 472
555 473 550 473 548 473
556 474 557 474 552 474
557 475 558 475 553 475
558 476 559 476 554 476
559 477 560 477 555 477
560 478 550 478 555 478
561 479 562 479 557 479
563 480 558 480 557 480
564 481 559 481 558 481
564 482 565 482 560 482
565 483 550 483 560 483
566 484 567 484 562 484
568 485 563 485 562 485
569 486 564 486 563 486
569 487 570 487 565 487
570 488 550 488 565 488
572 489 573 489 574 489
572 490 575 490 576 490
575 491 577 491 578 491
579 492 580 492 578 492
579 493 550 493 580 493
582 494 572 494 571 494
582 495 583 495 575 495
583 496 584 496 577 496
585 497 579 497 577 497
585 498 550 498 579 498
586 499 587 499 582 499
587 500 588 500 583 500
589 501 584 501 583 501
589 502 590 502 585 502
590 503 550 503 585 503
591 504 592 504 587 504
593 505 588 505 587 505
594 506 589 506 588 506
594 507 595 507 590 507
595 508 550 508 590 508
543 509 542 509 592 509
545 510 593 510 592 510
547 511 594 511 593 511
547 512 549 512 595 512
549 513 550 513 595 513
597 514 598 514 599 514
597 515 600 515 601 515
600 516 602 516 603 516
604 517 605 517 603 517
604 518 550 518 605 518
607 519 597 519 596 519
607 520 608 520 600 520
608 521 609 521 602 521
610 522 604 522 602 522
610 523 550 523 604 523
611 524 612 524 607 524
612 525 613 525 608 525
614 526 609 526 608 526
615 527 610 527 609 527
615 528 550 528 610 528
616 529 617 529 612 529
618 530 613 530 612 530
619 531 614 531 613 531
619 532 620 532 615 532
620 533 550 533 615 533
574 534 573 534 617 534
576 535 618 535 617 535
578 536 619 536 618 536
578 537 580 537 620 537
580 538 550 538 620 538
622 539 567 539 566 539
622 540 623 540 568 540
623 541 624 541 569 541
625 542 570 542 569 542
625 543 550 543 570 543
627 544 622 544 621 544
627 545 628 545 623 545
628 546 629 546 624 546
630 547 625 547 624 547
630 548 550 548 625 548
631 549 632 549 627 549
632 550 633 550 628 550
633 551 634 551 629 551
635 552 630 552 629 552
635 553 550 553 630 553
636 554 637 554 632 554
638 555 633 555 632 555
639 556 634 556 633 556
639 557 640 557 635 557
640 558 550 558 635 558
599 559 598 559 637 559
601 560 638 560 637 560
603 561 639 561 638 561
603 562 605 562 640 562
605 563 550 563 640 563
642 564 643 564 644 564
645 565 646 565 643 565
647 566 648 566 646 566
649 567 650 567 648 567
540 568 543 568 650 568
652 569 642 569 641 569
653 570 645 570 642 570
654 571 647 571 645 571
655 572 649 572 647 572
551 573 540 573 649 573
656 574 657 574 652 574
658 575 653 575 652 575
659 576 654 576 653 576
660 577 655 577 654 577
660 578 556 578 551 578
661 579 662 579 657 579
662 580 663 580 658 580
663 581 664 581 659 581
664 582 665 582 660 582
665 583 561 583 556 583
666 584 667 584 662 584
667 585 668 585 663 585
668 586 669 586 664 586
669 587 670 587 665 587
670 588 566 588 561 588
672 589 673 589 674 589
675 590 676 590 673 590
677 591 678 591 676 591
679 592 680 592 678 592
571 593 574 593 680 593
682 594 672 594 671 594
683 595 675 595 672 595
684 596 677 596 675 596
685 597 679 597 677 597
581 598 571 598 679 598
686 599 687 599 682 599
688 600 683 600 682 600
689 601 684 601 683 601
689 602 690 602 685 602
690 603 586 603 581 603
691 604 692 604 687 604
692 605 693 605 688 605
693 606 694 606 689 606
694 607 695 607 690 607
695 608 591 608 586 608
644 609 643 609 692 609
643 610 646 610 693 610
646 611 648 611 694 611
648 612 650 612 695 612
650 613 543 613 591 613
697 614 698 614 699 614
700 615 701 615 698 615
702 616 703 616 701 616
704 617 705 617 703 617
596 618 599 618 705 618
707 619 697 619 696 619
708 620 700 620 697 620
709 621 702 621 700 621
710 622 704 622 702 622
606 623 596 623 704 623
712 624 707 624 706 624
713 625 708 625 707 625
713 626 714 626 709 626
715 627 710 627 709 627
715 628 611 628 606 628
716 629 717 629 712 629
717 630 718 630 713 630
718 631 719 631 714 631
719 632 720 632 715 632
720 633 616 633 611 633
674 634 673 634 717 634
673 635 676 635 718 635
676 636 678 636 719 636
678 637 680 637 720 637
680 638 574 638 616 638
722 639 667 639 666 639
723 640 668 640 667 640
724 641 669 641 668 641
725 642 670 642 669 642
621 643 566 643 670 643
727 644 722 644 721 644
728 645 723 645 722 645
729 646 724 646 723 646
730 647 725 647 724 647
626 648 621 648 725 648
732 649 727 649 726 649
733 650 728 650 727 650
734 651 729 651 728 651
734 652 735 652 730 652
735 653 631 653 626 653
736 654 737 654 732 654
737 655 738 655 733 655
738 656 739 656 734 656
739 657 740 657 735 657
740 658 636 658 631 658
699 659 698 659 737 659
698 660 701 660 738 660
701 661 703 661 739 661
703 662 705 662 740 662
705 663 599 663 636 663
742 664 743 664 279 664
744 665 745 665 743 665
746 666 747 666 745 666
748 667 749 667 747 667
748 668 750 668 749 668
751 669 742 669 741 669
752 670 744 670 742 670
753 671 746 671 744 671
754 672 748 672 746 672
754 673 750 673 748 673
306 674 755 674 751 674
756 675 752 675 751 675
757 676 753 676 752 676
758 677 754 677 753 677
758 678 750 678 754 678
759 679 760 679 755 679
760 680 761 680 756 680
761 681 762 681 757 681
762 682 763 682 758 682
763 683 750 683 758 683
246 684 764 684 760 684
764 685 765 685 761 685
765 686 766 686 762 686
766 687 767 687 763 687
767 688 750 688 763 688
769 689 770 689 254 689
771 690 772 690 770 690
773 691 774 691 772 691
775 692 776 692 774 692
775 693 750 693 776 693
777 694 769 694 768 694
778 695 771 695 769 695
779 696 773 696 771 696
780 697 775 697 773 697
780 698 750 698 775 698
781 699 777 699 291 699
781 700 782 700 778 700
783 701 779 701 778 701
783 702 784 702 780 702
784 703 750 703 780 703
785 704 786 704 781 704
786 705 787 705 782 705
787 706 788 706 783 706
788 707 789 707 784 707
789 708 750 708 784 708
279 709 743 709 786 709
743 710 745 710 787 710
745 711 747 711 788 711
747 712 749 712 789 712
749 713 750 713 789 713
791 714 792 714 224 714
793 715 794 715 792 715
795 716 796 716 794 716
797 717 798 717 796 717
797 718 750 718 798 718
799 719 791 719 790 719
800 720 793 720 791 720
801 721 795 721 793 721
802 722 797 722 795 722
802 723 750 723 797 723
803 724 799 724 266 724
804 725 800 725 799 725
804 726 805 726 801 726
806 727 802 727 801 727
806 728 750 728 802 728
807 729 808 729 803 729
808 730 809 730 804 730
809 731 810 731 805 731
810 732 811 732 806 732
811 733 750 733 806 733
254 734 770 734 808 734
770 735 772 735 809 735
772 736 774 736 810 736
774 737 776 737 811 737
776 738 750 738 811 738
813 739 764 739 246 739
814 740 765 740 764 740
815 741 766 741 765 741
816 742 767 742 766 742
816 743 750 743 767 743
817 744 813 744 812 744
818 745 814 745 813 745
819 746 815 746 814 746
820 747 816 747 815 747
820 748 750 748 816 748
821 749 817 749 236 749
822 750 818 750 817 750
823 751 819 751 818 751
824 752 820 752 819 752
824 753 750 753 820 753
825 754 826 754 821 754
826 755 827 755 822 755
827 756 828 756 823 756
828 757 829 757 824 757
829 758 750 758 824 758
224 759 792 759 826 759
792 760 794 760 827 760
794 761 796 761 828 761
796 762 798 762 829 762
798 763 750 763 829 763
1 1 2 1 4 1
2 2 5 2 3 2
5 3 7 3 6 3
7 4 9 4 8 4
10 5 9 5 12 5
13 6 14 6 1 6
14 7 15 7 2 7
15 3 16 3 5 3
16 8 17 8 7 8
9 9 17 9 11 9
13 10 19 10 14 10
20 11 21 11 14 11
15 3 21 3 16 3
22 764 23 764 16 764
17 765 23 765 18 765
19 14 25 14 20 14
20 15 26 15 21 15
21 3 27 3 22 3
22 16 28 16 23 16
29 17 30 17 23 17
25 18 31 18 26 18
26 19 32 19 27 19
27 3 33 3 28 3
28 20 34 20 29 20
35 21 36 21 29 21
37 22 38 22 40 22
38 23 41 23 39 23
41 3 43 3 42 3
43 24 45 24 44 24
46 25 45 25 48 25
49 26 50 26 37 26
50 27 51 27 38 27
51 3 52 3 41 3
52 28 53 28 43 28
45 29 53 29 47 29
49 30 55 30 50 30
50 31 56 31 51 31
57 3 58 3 51 3
58 766 59 766 52 766
53 767 59 767 54 767
55 34 61 34 56 34
56 35 62 35 57 35
57 3 63 3 58 3
58 36 64 36 59 36
65 37 66 37 59 37
61 38 4 38 62 38
62 39 3 39 63 39
63 3 6 3 64 3
64 40 8 40 65 40
10 41 12 41 65 41
67 42 68 42 70 42
68 43 71 43 69 43
71 3 73 3 72 3
73 44 75 44 74 44
76 45 75 45 78 45
79 46 80 46 67 46
80 47 81 47 68 47
81 3 82 3 71 3
82 48 83 48 73 48
75 49 83 49 77 49
85 50 86 50 79 50
80 51 86 51 81 51
87 3 88 3 81 3
88 768 89 768 82 768
83 769 89 769 84 769
85 54 91 54 86 54
86 55 92 55 87 55
87 3 93 3 88 3
88 56 94 56 89 56
95 57 96 57 89 57
91 58 40 58 92 58
92 59 39 59 93 59
93 3 42 3 94 3
94 60 44 60 95 60
46 61 48 61 95 61
97 62 98 62 31 62
98 63 99 63 32 63
99 3 100 3 33 3
100 64 101 64 34 64
35 65 101 65 36 65
103 66 104 66 97 66
104 67 105 67 98 67
105 3 106 3 99 3
106 68 107 68 100 68
101 69 107 69 102 69
103 70 109 70 104 70
110 71 111 71 104 71
105 3 111 3 106 3
112 770 113 770 106 770
113 771 114 771 107 771
109 74 115 74 110 74
110 75 116 75 111 75
111 3 117 3 112 3
112 76 118 76 113 76
119 77 120 77 113 77
115 78 70 78 116 78
116 79 69 79 117 79
117 3 72 3 118 3
118 80 74 80 119 80
76 81 78 81 119 81
121 82 122 82 124 82
122 83 125 83 123 83
125 84 127 84 126 84
127 85 129 85 128 85
129 86 1 86 130 86
131 87 132 87 121 87
132 88 133 88 122 88
133 89 134 89 125 89
134 90 135 90 127 90
135 91 13 91 129 91
136 92 137 92 131 92
137 93 138 93 132 93
133 94 138 94 134 94
139 95 140 95 134 95
135 96 140 96 13 96
136 97 141 97 137 97
137 98 142 98 138 98
138 99 143 99 139 99
139 100 144 100 140 100
140 101 145 101 19 101
141 102 146 102 142 102
142 103 147 103 143 103
143 104 148 104 144 104
144 105 149 105 145 105
145 772 150 772 25 772
151 107 152 107 154 107
152 108 155 108 153 108
155 109 157 109 156 109
157 110 159 110 158 110
159 773 37 773 160 773
161 112 162 112 151 112
162 113 163 113 152 113
163 114 164 114 155 114
164 115 165 115 157 115
165 116 49 116 159 116
161 117 166 117 162 117
162 118 167 118 163 118
163 119 168 119 164 119
169 120 170 120 164 120
165 121 170 121 49 121
166 122 171 122 167 122
167 123 172 123 168 123
168 124 173 124 169 124
169 125 174 125 170 125
170 126 175 126 55 126
171 127 124 127 172 127
172 128 123 128 173 128
173 129 126 129 174 129
174 130 128 130 175 130
175 774 130 774 61 774
176 132 177 132 179 132
177 133 180 133 178 133
180 134 182 134 181 134
182 135 184 135 183 135
184 775 67 775 185 775
186 137 187 137 176 137
187 138 188 138 177 138
188 139 189 139 180 139
189 140 190 140 182 140
190 141 79 141 184 141
186 142 191 142 187 142
192 143 193 143 187 143
188 144 193 144 189 144
194 145 195 145 189 145
190 146 195 146 79 146
191 147 196 147 192 147
192 148 197 148 193 148
193 149 198 149 194 149
194 150 199 150 195 150
195 151 200 151 85 151
196 152 154 152 197 152
197 153 153 153 198 153
198 154 156 154 199 154
199 155 158 155 200 155
200 776 160 776 91 776
201 157 202 157 146 157
202 158 203 158 147 158
203 159 204 159 148 159
204 160 205 160 149 160
205 777 97 777 150 777
206 162 207 162 201 162
207 163 208 163 202 163
208 164 209 164 203 164
209 165 210 165 204 165
210 166 103 166 205 166
206 167 211 167 207 167
212 168 213 168 207 168
208 169 213 169 209 169
214 170 215 170 209 170
215 171 109 171 210 171
211 172 216 172 212 172
212 173 217 173 213 173
213 174 218 174 214 174
214 175 219 175 215 175
215 176 220 176 109 176
216 177 179 177 217 177
217 178 178 178 218 178
218 179 181 179 219 179
219 180 183 180 220 180
220 778 185 778 115 778
224 182 221 182 223 182
223 183 222 183 226 183
226 184 225 184 228 184
228 185 227 185 230 185
230 186 229 186 124 186
221 187 231 187 222 187
222 188 232 188 225 188
225 189 233 189 227 189
227 190 234 190 229 190
229 191 235 191 121 191
236 192 237 192 231 192
232 193 237 193 233 193
238 194 239 194 233 194
239 195 240 195 234 195
240 196 136 196 235 196
241 197 242 197 236 197
242 198 243 198 237 198
243 199 244 199 238 199
244 200 245 200 239 200
245 201 141 201 240 201
246 202 247 202 241 202
247 203 248 203 242 203
248 204 249 204 243 204
249 205 250 205 244 205
250 206 146 206 245 206
254 207 251 207 253 207
253 208 252 208 256 208
256 209 255 209 258 209
258 210 257 210 260 210
260 211 259 211 154 211
251 212 261 212 252 212
252 213 262 213 255 213
255 214 263 214 257 214
257 215 264 215 259 215
259 216 265 216 151 216
261 217 266 217 262 217
267 218 268 218 262 218
268 219 269 219 263 219
269 220 270 220 264 220
265 221 270 221 161 221
271 222 272 222 266 222
272 223 273 223 267 223
273 224 274 224 268 224
274 225 275 225 269 225
275 226 171 226 270 226
224 227 223 227 271 227
223 228 226 228 272 228
226 229 228 229 273 229
228 230 230 230 274 230
230 231 124 231 275 231
279 232 276 232 278 232
278 233 277 233 281 233
281 234 280 234 283 234
283 235 282 235 285 235
285 236 284 236 179 236
276 237 286 237 277 237
277 238 287 238 280 238
280 239 288 239 282 239
282 240 289 240 284 240
284 241 290 241 176 241
286 242 291 242 287 242
292 243 293 243 287 243
293 244 294 244 288 244
294 245 295 245 289 245
295 246 191 246 290 246
296 247 297 247 291 247
297 248 298 248 292 248
298 249 299 249 293 249
299 250 300 250 294 250
300 251 196 251 295 251
254 252 253 252 296 252
253 253 256 253 297 253
256 254 258 254 298 254
258 255 260 255 299 255
260 256 154 256 300 256
246 257 301 257 247 257
247 258 302 258 248 258
248 259 303 259 249 259
249 260 304 260 250 260
250 261 305 261 146 261
301 262 306 262 302 262
302 263 307 263 303 263
303 264 308 264 304 264
304 265 309 265 305 265
305 266 310 266 201 266
311 267 312 267 306 267
312 268 313 268 307 268
308 269 313 269 309 269
314 270 315 270 309 270
310 271 315 271 206 271
316 272 317 272 311 272
317 273 318 273 312 273
318 274 319 274 313 274
319 275 320 275 314 275
320 276 216 276 315 276
279 277 278 277 316 277
278 278 281 278 317 278
281 279 283 279 318 279
283 280 285 280 319 280
285 281 179 281 320 281
324 779 321 779 323 779
323 780 322 780 326 780
326 781 325 781 328 781
328 782 327 782 330 782
329 783 331 783 330 783
321 784 333 784 322 784
322 785 334 785 325 785
325 786 335 786 327 786
327 787 336 787 329 787
337 788 338 788 329 788
333 292 339 292 334 292
334 292 340 292 335 292
335 292 341 292 336 292
336 292 342 292 337 292
343 292 344 292 337 292
339 789 345 789 340 789
340 790 346 790 341 790
341 791 347 791 342 791
342 792 348 792 343 792
349 793 350 793 343 793
345 794 351 794 346 794
346 795 352 795 347 795
347 796 353 796 348 796
348 797 354 797 349 797
355 798 356 798 349 798
357 799 358 799 351 799
358 800 359 800 352 800
359 801 360 801 353 801
360 802 361 802 354 802
355 803 361 803 356 803
363 804 364 804 357 804
364 805 365 805 358 805
365 806 366 806 359 806
366 807 367 807 360 807
361 808 367 808 362 808
369 313 370 313 363 313
370 313 371 313 364 313
371 313 372 313 365 313
372 313 373 313 366 313
367 313 373 313 368 313
375 809 376 809 369 809
376 810 377 810 370 810
377 811 378 811 371 811
378 812 379 812 372 812
373 813 379 813 374 813
324 814 323 814 375 814
323 815 326 815 376 815
326 816 328 816 377 816
328 817 330 817 378 817
379 818 330 818 380 818
384 819 381 819 383 819
383 820 382 820 386 820
386 821 385 821 388 821
388 822 387 822 390 822
390 823 389 823 324 823
381 824 391 824 382 824
382 825 392 825 385 825
385 826 393 826 387 826
387 827 394 827 389 827
389 828 395 828 321 828
391 292 396 292 392 292
392 292 397 292 393 292
393 292 398 292 394 292
394 292 399 292 395 292
395 292 400 292 333 292
396 829 401 829 397 829
397 830 402 830 398 830
398 831 403 831 399 831
399 832 404 832 400 832
400 833 405 833 339 833
401 834 154 834 402 834
402 835 406 835 403 835
403 836 407 836 404 836
404 837 408 837 405 837
405 838 409 838 345 838
410 839 411 839 154 839
411 840 412 840 406 840
412 841 413 841 407 841
413 842 414 842 408 842
414 843 357 843 409 843
415 844 416 844 410 844
416 845 417 845 411 845
417 846 418 846 412 846
418 847 419 847 413 847
419 848 363 848 414 848
420 313 421 313 415 313
421 313 422 313 416 313
422 313 423 313 417 313
423 313 424 313 418 313
424 313 369 313 419 313
425 849 426 849 420 849
426 850 427 850 421 850
427 851 428 851 422 851
428 852 429 852 423 852
429 853 375 853 424 853
384 854 383 854 425 854
383 855 386 855 426 855
386 856 388 856 427 856
388 857 390 857 428 857
390 858 324 858 429 858
433 859 430 859 432 859
432 860 431 860 435 860
434 861 436 861 435 861
436 862 438 862 437 862
438 863 440 863 439 863
430 864 442 864 431 864
431 865 443 865 434 865
444 866 445 866 434 866
445 867 446 867 436 867
446 868 447 868 438 868
442 869 448 869 443 869
449 870 450 870 443 870
450 871 451 871 444 871
451 872 452 872 445 872
452 873 453 873 446 873
448 874 454 874 449 874
455 875 456 875 449 875
456 876 457 876 450 876
457 877 458 877 451 877
458 878 459 878 452 878
454 879 460 879 455 879
461 880 462 880 455 880
462 881 463 881 456 881
463 882 464 882 457 882
464 883 465 883 458 883
466 884 467 884 460 884
461 885 467 885 462 885
462 886 468 886 463 886
463 887 469 887 464 887
464 888 470 888 465 888
472 889 473 889 466 889
467 890 473 890 468 890
468 891 474 891 469 891
469 892 475 892 470 892
470 893 476 893 471 893
478 894 479 894 472 894
473 895 479 895 474 895
474 896 480 896 475 896
475 897 481 897 476 897
476 898 482 898 477 898
484 899 485 899 478 899
485 900 486 900 479 900
480 901 486 901 481 901
481 902 487 902 482 902
482 903 488 903 483 903
433 904 432 904 484 904
432 905 435 905 485 905
486 906 435 906 487 906
487 907 437 907 488 907
488 908 439 908 489 908
490 909 491 909 493 909
491 910 494 910 492 910
494 911 496 911 495 911
497 912 496 912 499 912
499 913 498 913 433 913
500 914 501 914 490 914
501 915 502 915 491 915
502 916 503 916 494 916
496 917 503 917 498 917
498 918 504 918 430 918
505 919 506 919 500 919
506 920 507 920 501 920
502 921 507 921 503 921
503 922 508 922 504 922
504 923 509 923 442 923
510 924 511 924 505 924
511 925 512 925 506 925
507 926 512 926 508 926
508 927 513 927 509 927
509 928 514 928 448 928
515 929 516 929 510 929
516 930 517 930 511 930
512 931 517 931 513 931
513 932 518 932 514 932
514 933 519 933 454 933
515 934 520 934 516 934
516 935 521 935 517 935
522 936 523 936 517 936
523 937 524 937 518 937
524 938 466 938 519 938
520 939 525 939 521 939
521 940 526 940 522 940
527 941 528 941 522 941
528 942 529 942 523 942
529 943 472 943 524 943
525 944 530 944 526 944
526 945 531 945 527 945
532 946 533 946 527 946
533 947 534 947 528 947
534 948 478 948 529 948
530 949 535 949 531 949
531 950 536 950 532 950
532 951 537 951 533 951
538 952 539 952 533 952
539 953 484 953 534 953
535 954 493 954 536 954
536 955 492 955 537 955
537 956 495 956 538 956
497 957 499 957 538 957
499 958 433 958 539 958
540 959 541 959 543 959
542 960 541 960 545 960
545 961 544 961 547 961
546 467 548 467 547 467
551 962 552 962 540 962
541 963 552 963 544 963
544 964 553 964 546 964
554 472 555 472 546 472
551 474 556 474 552 474
552 475 557 475 553 475
553 476 558 476 554 476
554 477 559 477 555 477
556 965 561 965 557 965
562 966 563 966 557 966
563 967 564 967 558 967
559 482 564 482 560 482
561 968 566 968 562 968
567 969 568 969 562 969
568 970 569 970 563 970
564 487 569 487 565 487
571 971 572 971 574 971
573 972 572 972 576 972
576 973 575 973 578 973
577 492 579 492 578 492
581 974 582 974 571 974
572 975 582 975 575 975
575 976 583 976 577 976
584 497 585 497 577 497
581 499 586 499 582 499
582 500 587 500 583 500
588 501 589 501 583 501
584 502 589 502 585 502
586 977 591 977 587 977
592 978 593 978 587 978
593 979 594 979 588 979
589 507 594 507 590 507
591 980 543 980 592 980
542 981 545 981 592 981
545 982 547 982 593 982
594 512 547 512 595 512
596 983 597 983 599 983
598 984 597 984 601 984
601 985 600 985 603 985
602 517 604 517 603 517
606 986 607 986 596 986
597 987 607 987 600 987
600 988 608 988 602 988
609 522 610 522 602 522
606 524 611 524 607 524
607 525 612 525 608 525
613 526 614 526 608 526
614 527 615 527 609 527
611 989 616 989 612 989
617 990 618 990 612 990
618 991 619 991 613 991
614 532 619 532 615 532
616 992 574 992 617 992
573 993 576 993 617 993
576 994 578 994 618 994
619 537 578 537 620 537
621 995 622 995 566 995
567 996 622 996 568 996
568 997 623 997 569 997
624 542 625 542 569 542
626 998 627 998 621 998
622 999 627 999 623 999
623 1000 628 1000 624 1000
629 547 630 547 624 547
626 549 631 549 627 549
627 550 632 550 628 550
628 551 633 551 629 551
634 552 635 552 629 552
631 1001 636 1001 632 1001
637 1002 638 1002 632 1002
638 1003 639 1003 633 1003
634 557 639 557 635 557
636 1004 599 1004 637 1004
598 1005 601 1005 637 1005
601 1006 603 1006 638 1006
639 562 603 562 640 562
641 564 642 564 644 564
642 565 645 565 643 565
645 566 647 566 646 566
647 567 649 567 648 567
649 568 540 568 650 568
651 569 652 569 641 569
652 570 653 570 642 570
653 571 654 571 645 571
654 572 655 572 647 572
655 573 551 573 649 573
651 574 656 574 652 574
657 575 658 575 652 575
658 576 659 576 653 576
659 577 660 577 654 577
655 578 660 578 551 578
656 579 661 579 657 579
657 580 662 580 658 580
658 581 663 581 659 581
659 582 664 582 660 582
660 583 665 583 556 583
661 584 666 584 662 584
662 585 667 585 663 585
663 586 668 586 664 586
664 587 669 587 665 587
665 588 670 588 561 588
671 589 672 589 674 589
672 590 675 590 673 590
675 591 677 591 676 591
677 592 679 592 678 592
679 593 571 593 680 593
681 594 682 594 671 594
682 595 683 595 672 595
683 596 684 596 675 596
684 597 685 597 677 597
685 598 581 598 679 598
681 599 686 599 682 599
687 600 688 600 682 600
688 601 689 601 683 601
684 602 689 602 685 602
685 603 690 603 581 603
686 604 691 604 687 604
687 605 692 605 688 605
688 606 693 606 689 606
689 607 694 607 690 607
690 608 695 608 586 608
691 609 644 609 692 609
692 610 643 610 693 610
693 611 646 611 694 611
694 612 648 612 695 612
695 613 650 613 591 613
696 614 697 614 699 614
697 615 700 615 698 615
700 616 702 616 701 616
702 617 704 617 703 617
704 618 596 618 705 618
706 619 707 619 696 619
707 620 708 620 697 620
708 621 709 621 700 621
709 622 710 622 702 622
710 623 606 623 704 623
711 624 712 624 706 624
712 625 713 625 707 625
708 626 713 626 709 626
714 627 715 627 709 627
710 628 715 628 606 628
711 629 716 629 712 629
712 630 717 630 713 630
713 631 718 631 714 631
714 632 719 632 715 632
715 633 720 633 611 633
716 634 674 634 717 634
717 635 673 635 718 635
718 636 676 636 719 636
719 637 678 637 720 637
720 638 680 638 616 638
721 639 722 639 666 639
722 640 723 640 667 640
723 641 724 641 668 641
724 642 725 642 669 642
725 643 621 643 670 643
726 644 727 644 721 644
727 645 728 645 722 645
728 646 729 646 723 646
729 647 730 647 724 647
730 648 626 648 725 648
731 649 732 649 726 649
732 650 733 650 727 650
733 651 734 651 728 651
729 652 734 652 730 652
730 653 735 653 626 653
731 654 736 654 732 654
732 655 737 655 733 655
733 656 738 656 734 656
734 657 739 657 735 657
735 658 740 658 631 658
736 659 699 659 737 659
737 660 698 660 738 660
738 661 701 661 739 661
739 662 703 662 740 662
740 663 705 663 636 663
741 664 742 664 279 664
742 665 744 665 743 665
744 666 746 666 745 666
746 667 748 667 747 667
311 669 751 669 741 669
751 670 752 670 742 670
752 671 753 671 744 671
753 672 754 672 746 672
311 674 306 674 751 674
755 675 756 675 751 675
756 676 757 676 752 676
757 677 758 677 753 677
306 679 759 679 755 679
755 680 760 680 756 680
756 681 761 681 757 681
757 682 762 682 758 682
759 684 246 684 760 684
760 685 764 685 761 685
761 686 765 686 762 686
762 687 766 687 763 687
768 689 769 689 254 689
769 690 771 690 770 690
771 691 773 691 772 691
773 692 775 692 774 692
291 694 777 694 768 694
777 695 778 695 769 695
778 696 779 696 771 696
779 697 780 697 773 697
286 699 781 699 291 699
777 700 781 700 778 700
782 701 783 701 778 701
779 702 783 702 780 702
286 704 785 704 781 704
781 705 786 705 782 705
782 706 787 706 783 706
783 707 788 707 784 707
785 709 279 709 786 709
786 710 743 710 787 710
787 711 745 711 788 711
788 712 747 712 789 712
790 714 791 714 224 714
791 715 793 715 792 715
793 716 795 716 794 716
795 717 797 717 796 717
266 719 799 719 790 719
799 720 800 720 791 720
800 721 801 721 793 721
801 722 802 722 795 722
261 724 803 724 266 724
803 725 804 725 799 725
800 726 804 726 801 726
805 727 806 727 801 727
261 729 807 729 803 729
803 730 808 730 804 730
804 731 809 731 805 731
805 732 810 732 806 732
807 734 254 734 808 734
808 735 770 735 809 735
809 736 772 736 810 736
810 737 774 737 811 737
812 739 813 739 246 739
813 740 814 740 764 740
814 741 815 741 765 741
815 742 816 742 766 742
236 744 817 744 812 744
817 745 818 745 813 745
818 746 819 746 814 746
819 747 820 747 815 747
231 749 821 749 236 749
821 750 822 750 817 750
822 751 823 751 818 751
823 752 824 752 819 752
231 754 825 754 821 754
821 755 826 755 822 755
822 756 827 756 823 756
823 757 828 757 824 757
825 759 224 759 826 759
826 760 792 760 827 760
827 761 794 761 828 761
828 762 796 762 829 762