0.416971 2.177006 1.162966
0.404082 2.240005 1.124596
-0.061589 2.240005 1.197926
-0.061589 2.177006 1.238326
0.391384 2.271505 1.086795
-0.061589 2.271505 1.158126
0.381941 2.271505 1.058682
-0.061589 2.271505 1.128526
0.378814 2.240005 1.049375
-0.061589 2.240005 1.118726
0.385067 2.177006 1.067990
-0.061589 2.177006 1.138326
0.829291 2.177006 0.952246
0.805297 2.240005 0.919551
0.781659 2.271505 0.887342
0.764079 2.271505 0.863387
0.758259 2.240005 0.855456
0.769899 2.177006 0.871318
1.152331 2.177006 0.629206
1.119636 2.240005 0.605212
1.087427 2.271505 0.581574
1.063472 2.271505 0.563994
1.055542 2.240005 0.558173
1.071403 2.177006 0.569814
1.363051 2.177006 0.216886
1.324681 2.240006 0.203997
1.286881 2.271506 0.191299
1.258768 2.271506 0.181855
1.249460 2.240006 0.178729
1.268075 2.177006 0.184982
1.438411 2.177006 -0.261674
1.398011 2.240005 -0.261674
1.358211 2.271505 -0.261674
1.328611 2.271505 -0.261674
1.318811 2.240005 -0.261674
1.338411 2.177006 -0.261674
-1.486229 2.177006 0.216886
-1.447858 2.240005 0.203997
-1.521189 2.240005 -0.261674
-1.561589 2.177006 -0.261674
-1.410058 2.271505 0.191299
-1.481389 2.271505 -0.261674
-1.381945 2.271505 0.181855
-1.451789 2.271505 -0.261674
-1.372637 2.240005 0.178729
-1.441989 2.240005 -0.261674
-1.391253 2.177006 0.184982
-1.461589 2.177006 -0.261674
-1.275509 2.177006 0.629206
-1.242814 2.240005 0.605212
-1.210604 2.271505 0.581574
-1.186650 2.271505 0.563994
-1.178719 2.240005 0.558173
-1.194581 2.177006 0.569814
-0.952469 2.177006 0.952246
-0.928474 2.240005 0.919551
-0.904836 2.271505 0.887342
-0.887256 2.271505 0.863387
-0.881436 2.240005 0.855456
-0.893077 2.177006 0.871318
-0.540149 2.177006 1.162966
-0.527259 2.240006 1.124596
-0.514562 2.271506 1.086795
-0.505118 2.271506 1.058682
-0.501991 2.240006 1.049375
-0.508245 2.177006 1.067990
-0.540149 2.177006 -1.686314
-0.527259 2.240005 -1.647944
-0.061589 2.240005 -1.721274
-0.061589 2.177006 -1.761674
-0.514562 2.271505 -1.610143
-0.061589 2.271505 -1.681474
-0.505118 2.271505 -1.582030
-0.061589 2.271505 -1.651874
-0.501991 2.240005 -1.572723
-0.061589 2.240005 -1.642074
-0.508245 2.177006 -1.591338
-0.061589 2.177006 -1.661674
-0.952469 2.177006 -1.475594
-0.928474 2.240005 -1.442899
-0.904836 2.271505 -1.410690
-0.887256 2.271505 -1.386735
-0.881436 2.240005 -1.378804
-0.893077 2.177006 -1.394666
-1.275509 2.177006 -1.152554
-1.242814 2.240005 -1.128560
-1.210604 2.271505 -1.104922
-1.186650 2.271505 -1.087342
-1.178719 2.240005 -1.081521
-1.194581 2.177006 -1.093162
-1.486229 2.177006 -0.740234
-1.447858 2.240006 -0.727345
-1.410058 2.271506 -0.714647
-1.381945 2.271506 -0.705203
-1.372637 2.240006 -0.702077
-1.391253 2.177006 -0.708330
1.363051 2.177006 -0.740234
1.324681 2.240005 -0.727345
1.286881 2.271505 -0.714647
1.258768 2.271505 -0.705203
1.249460 2.240005 -0.702077
1.268075 2.177006 -0.708330
1.152331 2.177006 -1.152554
1.119636 2.240005 -1.128560
1.087427 2.271505 -1.104922
1.063472 2.271505 -1.087342
1.055542 2.240005 -1.081521
1.071403 2.177006 -1.093162
0.829291 2.177006 -1.475594
0.805297 2.240005 -1.442899
0.781659 2.271505 -1.410690
0.764079 2.271505 -1.386735
0.758259 2.240005 -1.378804
0.769899 2.177006 -1.394666
0.416971 2.177006 -1.686314
0.404082 2.240006 -1.647944
0.391384 2.271506 -1.610143
0.381941 2.271506 -1.582030
0.378814 2.240006 -1.572723
0.385067 2.177006 -1.591338
0.576491 0.677005 1.637846
0.567558 0.955406 1.611253
-0.061589 0.955406 1.710326
-0.061589 0.677005 1.738326
0.543311 1.248205 1.539071
-0.061589 1.248205 1.634326
0.507579 1.551805 1.432698
-0.061589 1.551805 1.522326
0.464189 1.862606 1.303530
-0.061589 1.862606 1.386326
1.126251 0.677005 1.356886
1.109622 0.955406 1.334226
1.064484 1.248205 1.272721
0.997965 1.551805 1.182082
0.917191 1.862606 1.072020
1.556971 0.677005 0.926166
1.534312 0.955406 0.909536
1.472806 1.248205 0.864398
1.382167 1.551805 0.797879
1.272105 1.862606 0.717106
1.837931 0.677005 0.376406
1.811338 0.955406 0.367473
1.739156 1.248206 0.343226
1.632783 1.551806 0.307493
1.503616 1.862606 0.264104
1.938411 0.677005 -0.261674
1.910411 0.955406 -0.261674
1.834411 1.248205 -0.261674
1.722411 1.551805 -0.261674
1.586411 1.862606 -0.261674
-1.961109 0.677005 0.376406
-1.934515 0.955406 0.367473
-2.033589 0.955406 -0.261674
-2.061589 0.677005 -0.261674
-1.862334 1.248205 0.343226
-1.957589 1.248205 -0.261674
-1.755960 1.551805 0.307493
-1.845589 1.551805 -0.261674
-1.626793 1.862606 0.264104
-1.709589 1.862606 -0.261674
-1.680149 0.677005 0.926166
-1.657489 0.955406 0.909536
-1.595984 1.248205 0.864398
-1.505344 1.551805 0.797879
-1.395282 1.862606 0.717106
-1.249429 0.677005 1.356886
-1.232799 0.955406 1.334226
-1.187661 1.248205 1.272721
-1.121142 1.551805 1.182082
-1.040369 1.862606 1.072020
-0.699669 0.677005 1.637846
-0.690735 0.955406 1.611253
-0.666488 1.248206 1.539071
-0.630756 1.551806 1.432698
-0.587367 1.862606 1.303530
-0.699669 0.677005 -2.161194
-0.690736 0.955406 -2.134601
-0.061589 0.955406 -2.233674
-0.061589 0.677005 -2.261674
-0.666488 1.248205 -2.062419
-0.061589 1.248205 -2.157674
-0.630756 1.551805 -1.956046
-0.061589 1.551805 -2.045674
-0.587367 1.862606 -1.826879
-0.061589 1.862606 -1.909674
-1.249429 0.677005 -1.880234
-1.232799 0.955406 -1.857574
-1.187661 1.248205 -1.796069
-1.121142 1.551805 -1.705430
-1.040369 1.862606 -1.595368
-1.680149 0.677005 -1.449514
-1.657489 0.955406 -1.432884
-1.595983 1.248205 -1.387746
-1.505344 1.551805 -1.321227
-1.395282 1.862606 -1.240454
-1.961109 0.677005 -0.899754
-1.934515 0.955406 -0.890821
-1.862334 1.248206 -0.866574
-1.755960 1.551806 -0.830841
-1.626793 1.862606 -0.787452
1.837931 0.677005 -0.899754
1.811338 0.955406 -0.890821
1.739156 1.248205 -0.866574
1.632783 1.551805 -0.830841
1.503616 1.862606 -0.787452
1.556971 0.677005 -1.449514
1.534312 0.955406 -1.432884
1.472806 1.248205 -1.387746
1.382167 1.551805 -1.321227
1.272105 1.862606 -1.240454
1.126251 0.677005 -1.880234
1.109622 0.955406 -1.857574
1.064484 1.248205 -1.796069
0.997965 1.551805 -1.705430
0.917191 1.862606 -1.595368
0.576491 0.677005 -2.161194
0.567558 0.955406 -2.134601
0.543311 1.248206 -2.062419
0.507579 1.551806 -1.956046
0.464189 1.862606 -1.826879
0.416971 -0.072995 1.162966
0.433561 -0.009395 1.212353
-0.061589 -0.009395 1.290326
-0.061589 -0.072995 1.238326
0.473122 0.093805 1.330124
-0.061589 0.093805 1.414326
0.520340 0.240205 1.470688
-0.061589 0.240205 1.562326
0.559901 0.433406 1.588459
-0.061589 0.433406 1.686326
0.829291 -0.072995 0.952246
0.860175 -0.009395 0.994329
0.933821 0.093805 1.094679
1.021721 0.240205 1.214453
1.095367 0.433406 1.314804
1.152331 -0.072995 0.629206
1.194414 -0.009395 0.660090
1.294765 0.093805 0.733736
1.414538 0.240205 0.821636
1.514889 0.433406 0.895282
1.363051 -0.072994 0.216886
1.412439 -0.009394 0.233476
1.530209 0.093805 0.273037
1.670774 0.240205 0.320255
1.788544 0.433406 0.359816
1.438411 -0.072995 -0.261674
1.490411 -0.009395 -0.261674
1.614411 0.093805 -0.261674
1.762411 0.240205 -0.261674
1.886411 0.433406 -0.261674
-1.486229 -0.072995 0.216886
-1.535616 -0.009395 0.233476
-1.613589 -0.009395 -0.261674
-1.561589 -0.072995 -0.261674
-1.653386 0.093805 0.273037
-1.737589 0.093805 -0.261674
-1.793951 0.240205 0.320255
-1.885589 0.240205 -0.261674
-1.911721 0.433406 0.359816
-2.009589 0.433406 -0.261674
-1.275509 -0.072995 0.629206
-1.317591 -0.009395 0.660090
-1.417942 0.093805 0.733736
-1.537715 0.240205 0.821636
-1.638066 0.433406 0.895282
-0.952469 -0.072995 0.952246
-0.983352 -0.009395 0.994329
-1.056998 0.093805 1.094679
-1.144899 0.240205 1.214453
-1.218545 0.433406 1.314803
-0.540149 -0.072994 1.162966
-0.556739 -0.009394 1.212353
-0.596300 0.093805 1.330124
-0.643518 0.240205 1.470688
-0.683079 0.433406 1.588459
-0.540149 -0.072995 -1.686314
-0.556739 -0.009395 -1.735702
-0.061589 -0.009395 -1.813674
-0.061589 -0.072995 -1.761674
-0.596300 0.093805 -1.853472
-0.061589 0.093805 -1.937674
-0.643518 0.240205 -1.994036
-0.061589 0.240205 -2.085674
-0.683079 0.433406 -2.111807
-0.061589 0.433406 -2.209674
-0.952469 -0.072995 -1.475594
-0.983352 -0.009395 -1.517677
-1.056998 0.093805 -1.618027
-1.144899 0.240205 -1.737801
-1.218545 0.433406 -1.838152
-1.275509 -0.072995 -1.152554
-1.317591 -0.009395 -1.183438
-1.417942 0.093805 -1.257084
-1.537715 0.240205 -1.344984
-1.638066 0.433406 -1.418630
-1.486229 -0.072994 -0.740234
-1.535616 -0.009394 -0.756824
-1.653386 0.093805 -0.796385
-1.793951 0.240205 -0.843603
-1.911721 0.433406 -0.883164
1.363051 -0.072995 -0.740234
1.412439 -0.009395 -0.756824
1.530209 0.093805 -0.796385
1.670774 0.240205 -0.843603
1.788544 0.433406 -0.883164
1.152331 -0.072995 -1.152554
1.194414 -0.009395 -1.183438
1.294765 0.093805 -1.257084
1.414538 0.240205 -1.344984
1.514889 0.433406 -1.418630
0.829291 -0.072995 -1.475594
0.860175 -0.009395 -1.517677
0.933821 0.093805 -1.618027
1.021721 0.240205 -1.737801
1.095367 0.433406 -1.838151
0.416971 -0.072994 -1.686314
0.433561 -0.009394 -1.735702
0.473122 0.093805 -1.853472
0.520340 0.240205 -1.994036
0.559901 0.433406 -2.111807
-3.030389 1.577005 -0.117674
-2.971720 1.785186 -0.117674
-3.001589 1.796606 -0.261674
-3.061589 1.577005 -0.261674
-2.796046 1.911460 -0.117674
-2.821589 1.929805 -0.261674
-2.503867 1.976303 -0.117674
-2.521589 1.998205 -0.261674
-2.095682 2.000193 -0.117674
-2.101589 2.023406 -0.261674
-1.571989 2.003606 -0.117674
-1.561589 2.027005 -0.261674
-2.955988 1.577005 -0.045674
-2.900494 1.757956 -0.045674
-2.735137 1.867712 -0.045674
-2.461608 1.924074 -0.045674
-2.081595 1.944839 -0.045674
-1.596789 1.947805 -0.045674
-2.867189 1.577005 -0.045674
-2.815484 1.725455 -0.045674
-2.662440 1.815498 -0.045674
-2.411170 1.861737 -0.045674
-2.064782 1.878772 -0.045674
-1.626389 1.881206 -0.045674
-2.792789 1.577005 -0.117674
-2.744257 1.698225 -0.117674
-2.601531 1.771751 -0.117674
-2.368910 1.809508 -0.117674
-2.050696 1.823418 -0.117674
-1.651189 1.825406 -0.117674
-2.761589 1.577005 -0.261674
-2.714389 1.686805 -0.261674
-2.575989 1.753406 -0.261674
-2.351189 1.787606 -0.261674
-2.044789 1.800206 -0.261674
-1.661589 1.802006 -0.261674
-2.792789 1.577005 -0.405674
-2.744257 1.698225 -0.405674
-2.601531 1.771751 -0.405674
-2.368910 1.809508 -0.405674
-2.050696 1.823418 -0.405674
-1.651189 1.825406 -0.405674
-2.867189 1.577005 -0.477674
-2.815484 1.725455 -0.477674
-2.662440 1.815498 -0.477674
-2.411170 1.861737 -0.477674
-2.064782 1.878772 -0.477674
-1.626389 1.881206 -0.477674
-2.955989 1.577005 -0.477674
-2.900495 1.757956 -0.477674
-2.735137 1.867712 -0.477674
-2.461608 1.924074 -0.477674
-2.081595 1.944839 -0.477674
-1.596789 1.947805 -0.477674
-3.030389 1.577005 -0.405674
-2.971720 1.785186 -0.405674
-2.796046 1.911460 -0.405674
-2.503867 1.976303 -0.405674
-2.095681 2.000193 -0.405674
-1.571989 2.003606 -0.405674
-1.971989 0.408206 -0.117674
-2.360078 0.613914 -0.117674
-2.363989 0.588206 -0.261674
-1.961589 0.377006 -0.261674
-2.657314 0.837508 -0.117674
-2.672789 0.815606 -0.261674
-2.866344 1.075127 -0.117674
-2.890388 1.057405 -0.261674
-2.989819 1.322913 -0.117674
-3.019188 1.311805 -0.261674
-1.996789 0.482605 -0.045674
-2.350754 0.675220 -0.045674
-2.620411 0.889737 -0.045674
-2.809006 1.117386 -0.045674
-2.919784 1.349399 -0.045674
-2.026389 0.571405 -0.045674
-2.339624 0.748391 -0.045674
-2.576366 0.952074 -0.045674
-2.740571 1.167825 -0.045674
-2.836194 1.381012 -0.045674
-2.051189 0.645806 -0.117674
-2.330299 0.809697 -0.117674
-2.539464 1.004303 -0.117674
-2.683234 1.210084 -0.117674
-2.766158 1.407498 -0.117674
-2.326389 0.835406 -0.261674
-2.523989 1.026206 -0.261674
-2.659189 1.227806 -0.261674
-2.736789 1.418606 -0.261674
-2.051189 0.645806 -0.405674
-2.330299 0.809697 -0.405674
-2.539464 1.004303 -0.405674
-2.683234 1.210084 -0.405674
-2.766158 1.407498 -0.405674
-2.026389 0.571406 -0.477674
-2.339624 0.748391 -0.477674
-2.576366 0.952074 -0.477674
-2.740571 1.167825 -0.477674
-2.836194 1.381012 -0.477674
-1.996789 0.482606 -0.477674
-2.350754 0.675220 -0.477674
-2.620411 0.889737 -0.477674
-2.809006 1.117386 -0.477674
-2.919784 1.349399 -0.477674
-1.971989 0.408206 -0.405674
-2.360078 0.613914 -0.405674
-2.657314 0.837508 -0.405674
-2.866344 1.075127 -0.405674
-2.989819 1.322913 -0.405674
3.176012 2.177006 -0.141674
2.819877 1.877078 -0.121207
2.860811 1.867406 -0.261674
3.238411 2.177006 -0.261674
2.656664 1.473037 -0.072400
2.689611 1.446206 -0.261674
2.517759 1.047541 -0.014148
2.547212 0.999806 -0.261674
2.234546 0.683246 0.034659
2.256011 0.614606 -0.261674
1.638411 0.462806 0.055126
1.638411 0.377006 -0.261674
3.027211 2.177006 -0.081674
2.722264 1.900141 -0.050973
2.578098 1.537022 0.022236
2.447525 1.161373 0.109616
2.183359 0.846926 0.182825
1.638411 0.667405 0.213526
2.849611 2.177006 -0.081674
2.605759 1.927670 -0.050973
2.484325 1.613389 0.022236
2.363698 1.297238 0.109616
2.122264 1.042285 0.182825
1.638412 0.911606 0.213526
2.700811 2.177006 -0.141674
2.508146 1.950734 -0.121207
2.405759 1.677374 -0.072400
2.293464 1.411069 -0.014148
2.071077 1.205966 0.034659
1.638411 1.116205 0.055126
2.638412 2.177006 -0.261674
2.467211 1.960405 -0.261674
2.372811 1.704205 -0.261674
2.264011 1.458805 -0.261674
2.049612 1.274605 -0.261674
1.638411 1.202005 -0.261674
2.700811 2.177006 -0.381674
2.508146 1.950733 -0.402141
2.405758 1.677373 -0.450948
2.293464 1.411069 -0.509200
2.071077 1.205966 -0.558007
1.638411 1.116205 -0.578474
2.849611 2.177006 -0.441674
2.605759 1.927670 -0.472375
2.484325 1.613389 -0.545584
2.363698 1.297237 -0.632964
2.122264 1.042285 -0.706173
1.638411 0.911605 -0.736874
3.027212 2.177006 -0.441674
2.722264 1.900141 -0.472375
2.578098 1.537021 -0.545584
2.447525 1.161373 -0.632964
2.183359 0.846925 -0.706173
1.638412 0.667405 -0.736874
3.176012 2.177006 -0.381674
2.819877 1.877078 -0.402141
2.656664 1.473038 -0.450948
2.517759 1.047541 -0.509200
2.234546 0.683246 -0.558007
1.638411 0.462806 -0.578474
3.096811 2.177006 -0.189674
3.215410 2.227521 -0.184682
3.266411 2.229205 -0.261674
3.138412 2.177006 -0.261674
3.287007 2.250359 -0.172778
3.346412 2.252605 -0.261674
3.307224 2.247940 -0.158570
3.372411 2.249905 -0.261674
3.271685 2.222682 -0.146666
3.338411 2.223806 -0.261674
2.997612 2.177006 -0.153674
3.093791 2.223503 -0.146186
3.145349 2.245002 -0.128330
3.151778 2.243253 -0.107018
3.112568 2.220004 -0.089162
2.879211 2.177006 -0.153674
2.948632 2.218708 -0.146186
2.976274 2.238609 -0.128330
2.966245 2.237658 -0.107018
2.922655 2.216807 -0.089162
2.780011 2.177006 -0.189674
2.827013 2.214690 -0.184682
2.834616 2.233252 -0.172778
2.810799 2.232971 -0.158570
2.763538 2.214129 -0.146666
2.738411 2.177006 -0.261674
2.776011 2.213006 -0.261674
2.775211 2.231005 -0.261674
2.745611 2.231005 -0.261674
2.696811 2.213006 -0.261674
2.780011 2.177006 -0.333674
2.827013 2.214690 -0.338666
2.834616 2.233252 -0.350570
2.810799 2.232971 -0.364778
2.763538 2.214129 -0.376682
2.879211 2.177006 -0.369674
2.948632 2.218708 -0.377162
2.976274 2.238609 -0.395018
2.966245 2.237658 -0.416330
2.922655 2.216807 -0.434186
2.997612 2.177006 -0.369674
3.093791 2.223503 -0.377162
3.145349 2.245003 -0.395018
3.151778 2.243253 -0.416330
3.112568 2.220004 -0.434186
3.096811 2.177006 -0.333674
3.215410 2.227521 -0.338666
3.287007 2.250359 -0.350570
3.307224 2.247940 -0.364778
3.271685 2.222683 -0.376682
0.002219 2.477005 -0.071722
-0.004343 2.581405 -0.091459
-0.061589 2.581405 -0.082474
-0.061589 2.477005 -0.061674
0.025922 2.700205 -0.001764
-0.061589 2.700205 0.011926
0.053087 2.811805 0.078803
-0.061589 2.811805 0.096726
0.037226 2.894606 0.031686
-0.061589 2.894606 0.047126
-0.061589 2.927006 -0.261674
0.057195 2.477005 -0.099818
0.044925 2.581405 -0.116596
0.101157 2.700205 -0.040089
0.151646 2.811805 0.028621
0.122146 2.894606 -0.011547
0.100267 2.477006 -0.142890
0.083490 2.581405 -0.155161
0.159996 2.700206 -0.098929
0.228706 2.811805 -0.048440
0.188538 2.894606 -0.077940
0.128363 2.477005 -0.197866
0.108627 2.581405 -0.204428
0.198321 2.700205 -0.174164
0.278888 2.811805 -0.146998
0.231771 2.894606 -0.162860
0.138411 2.477005 -0.261674
0.117611 2.581405 -0.261674
0.212011 2.700205 -0.261674
0.296811 2.811805 -0.261674
0.247211 2.894606 -0.261674
-0.251541 2.477005 -0.197866
-0.231804 2.581405 -0.204428
-0.240789 2.581405 -0.261674
-0.261589 2.477005 -0.261674
-0.321498 2.700205 -0.174164
-0.335189 2.700205 -0.261674
-0.402066 2.811805 -0.146998
-0.419989 2.811805 -0.261674
-0.354948 2.894606 -0.162860
-0.370389 2.894606 -0.261674
-0.223445 2.477005 -0.142890
-0.206667 2.581405 -0.155161
-0.283174 2.700205 -0.098929
-0.351883 2.811805 -0.048440
-0.311715 2.894606 -0.077940
-0.180373 2.477006 -0.099818
-0.168102 2.581405 -0.116596
-0.224334 2.700206 -0.040089
-0.274823 2.811805 0.028621
-0.245323 2.894606 -0.011547
-0.125397 2.477005 -0.071722
-0.118834 2.581405 -0.091459
-0.149099 2.700205 -0.001764
-0.176264 2.811805 0.078803
-0.160403 2.894606 0.031686
-0.125397 2.477005 -0.451626
-0.118834 2.581405 -0.431889
-0.061589 2.581405 -0.440874
-0.061589 2.477005 -0.461674
-0.149099 2.700205 -0.521584
-0.061589 2.700205 -0.535274
-0.176264 2.811805 -0.602151
-0.061589 2.811805 -0.620074
-0.160403 2.894606 -0.555034
-0.061589 2.894606 -0.570474
-0.180373 2.477005 -0.423530
-0.168102 2.581405 -0.406752
-0.224334 2.700205 -0.483259
-0.274823 2.811805 -0.551969
-0.245323 2.894606 -0.511801
-0.223445 2.477006 -0.380458
-0.206667 2.581405 -0.368187
-0.283174 2.700206 -0.424419
-0.351883 2.811805 -0.474908
-0.311715 2.894606 -0.445408
-0.251541 2.477005 -0.325482
-0.231804 2.581405 -0.318920
-0.321498 2.700205 -0.349185
-0.402066 2.811805 -0.376350
-0.354948 2.894606 -0.360489
0.128363 2.477005 -0.325482
0.108627 2.581405 -0.318920
0.198321 2.700205 -0.349185
0.278888 2.811805 -0.376350
0.231771 2.894606 -0.360489
0.100267 2.477005 -0.380458
0.083490 2.581405 -0.368187
0.159996 2.700205 -0.424419
0.228706 2.811805 -0.474908
0.188538 2.894606 -0.445408
0.057195 2.477006 -0.423530
0.044925 2.581405 -0.406752
0.101157 2.700206 -0.483259
0.151646 2.811805 -0.551969
0.122146 2.894606 -0.511801
0.002219 2.477005 -0.451626
-0.004343 2.581405 -0.431889
0.025922 2.700205 -0.521584
0.053087 2.811805 -0.602151
0.037226 2.894606 -0.555034
0.353163 2.177006 0.973014
0.322791 2.251405 0.882597
-0.061589 2.251405 0.943126
-0.061589 2.177006 1.038326
0.248008 2.304206 0.659973
-0.061589 2.304205 0.708726
0.153317 2.349806 0.378084
-0.061589 2.349806 0.411926
0.063220 2.402606 0.109872
-0.061589 2.402606 0.129526
0.710507 2.177006 0.790390
0.653966 2.251405 0.713346
0.514751 2.304206 0.523651
0.338476 2.349806 0.283457
0.170753 2.402606 0.054916
0.990475 2.177006 0.510422
0.913432 2.251405 0.453881
0.723737 2.304205 0.314666
0.483542 2.349806 0.138390
0.255002 2.402606 -0.029333
1.173099 2.177006 0.153078
1.082682 2.251406 0.122705
0.860058 2.304206 0.047922
0.578170 2.349806 -0.046769
0.309957 2.402606 -0.136866
1.238411 2.177006 -0.261674
1.143211 2.251405 -0.261674
0.908811 2.304205 -0.261674
0.612011 2.349806 -0.261674
0.329611 2.402606 -0.261674
-1.296277 2.177006 0.153078
-1.205860 2.251405 0.122705
-1.266389 2.251405 -0.261674
-1.361589 2.177006 -0.261674
-0.983236 2.304206 0.047922
-1.031989 2.304205 -0.261674
-0.701347 2.349806 -0.046769
-0.735189 2.349806 -0.261674
-0.433135 2.402606 -0.136866
-0.452789 2.402606 -0.261674
-1.113653 2.177006 0.510422
-1.036609 2.251405 0.453881
-0.846914 2.304206 0.314666
-0.606720 2.349806 0.138390
-0.378179 2.402606 -0.029333
-0.833685 2.177006 0.790390
-0.777143 2.251405 0.713346
-0.637929 2.304205 0.523651
-0.461653 2.349806 0.283457
-0.293930 2.402606 0.054916
-0.476341 2.177006 0.973014
-0.445968 2.251406 0.882597
-0.371185 2.304206 0.659973
-0.276494 2.349806 0.378084
-0.186397 2.402606 0.109872
-0.476341 2.177006 -1.496362
-0.445968 2.251405 -1.405945
-0.061589 2.251405 -1.466474
-0.061589 2.177006 -1.561674
-0.371185 2.304206 -1.183321
-0.061589 2.304205 -1.232074
-0.276494 2.349806 -0.901432
-0.061589 2.349806 -0.935274
-0.186397 2.402606 -0.633220
-0.061589 2.402606 -0.652874
-0.833685 2.177006 -1.313738
-0.777143 2.251405 -1.236695
-0.637929 2.304206 -1.046999
-0.461653 2.349806 -0.806805
-0.293930 2.402606 -0.578264
-1.113653 2.177006 -1.033770
-1.036609 2.251405 -0.977229
-0.846914 2.304205 -0.838014
-0.606720 2.349806 -0.661739
-0.378179 2.402606 -0.494016
-1.296277 2.177006 -0.676426
-1.205860 2.251406 -0.646053
-0.983236 2.304206 -0.571270
-0.701347 2.349806 -0.476579
-0.433135 2.402606 -0.386483
1.173099 2.177006 -0.676426
1.082682 2.251405 -0.646053
0.860059 2.304206 -0.571270
0.578170 2.349806 -0.476579
0.309958 2.402606 -0.386483
0.990475 2.177006 -1.033770
0.913432 2.251405 -0.977229
0.723737 2.304206 -0.838014
0.483542 2.349806 -0.661739
0.255002 2.402606 -0.494016
0.710507 2.177006 -1.313738
0.653966 2.251405 -1.236695
0.514751 2.304205 -1.046999
0.338476 2.349806 -0.806805
0.170753 2.402606 -0.578264
0.353163 2.177006 -1.496362
0.322791 2.251406 -1.405945
0.248008 2.304206 -1.183321
0.153317 2.349806 -0.901432
0.063220 2.402606 -0.633220
0.416971 -0.072995 -1.686314
0.410846 -0.117394 -1.668079
-0.061589 -0.117394 -1.742474
0.379452 -0.158195 -1.574622
-0.061589 -0.158195 -1.644074
0.303265 -0.191794 -1.347820
-0.061589 -0.191794 -1.405274
0.162760 -0.214595 -0.929545
-0.061589 -0.214595 -0.964874
-0.061589 -0.222995 -0.261674
0.817888 -0.117394 -1.460056
0.759446 -0.158195 -1.380423
0.617618 -0.191794 -1.187167
0.356056 -0.214595 -0.830760
1.136793 -0.117394 -1.141151
1.057160 -0.158195 -1.082709
0.863904 -0.191794 -0.940881
0.507497 -0.214595 -0.679319
1.363051 -0.072994 -0.740234
1.344816 -0.117394 -0.734108
1.251359 -0.158194 -0.702715
1.024557 -0.191794 -0.626528
0.606283 -0.214594 -0.486023
1.419211 -0.117394 -0.261674
1.320811 -0.158195 -0.261674
1.082011 -0.191794 -0.261674
0.641611 -0.214595 -0.261674
-1.486229 -0.072995 -0.740234
-1.467993 -0.117394 -0.734108
-1.542389 -0.117394 -0.261674
-1.374537 -0.158195 -0.702715
-1.443989 -0.158195 -0.261674
-1.147734 -0.191794 -0.626528
-1.205189 -0.191794 -0.261674
-0.729460 -0.214595 -0.486023
-0.764789 -0.214595 -0.261674
-1.259971 -0.117394 -1.141151
-1.180337 -0.158195 -1.082709
-0.987081 -0.191794 -0.940881
-0.630674 -0.214595 -0.679319
-0.941065 -0.117394 -1.460056
-0.882624 -0.158195 -1.380423
-0.740796 -0.191794 -1.187167
-0.479233 -0.214595 -0.830760
-0.540149 -0.072994 -1.686314
-0.534023 -0.117394 -1.668079
-0.502630 -0.158194 -1.574622
-0.426443 -0.191794 -1.347820
-0.285938 -0.214594 -0.929545
-0.540149 -0.072995 1.162966
-0.534023 -0.117394 1.144730
-0.061589 -0.117394 1.219126
-0.502630 -0.158195 1.051274
-0.061589 -0.158195 1.120726
-0.426443 -0.191794 0.824471
-0.061589 -0.191794 0.881926
-0.285938 -0.214595 0.406197
-0.061589 -0.214595 0.441526
-0.941065 -0.117394 0.936708
-0.882624 -0.158195 0.857075
-0.740796 -0.191794 0.663819
-0.479233 -0.214595 0.307412
-1.259971 -0.117394 0.617803
-1.180337 -0.158195 0.559361
-0.987081 -0.191794 0.417533
-0.630674 -0.214595 0.155971
-1.486229 -0.072994 0.216886
-1.467993 -0.117394 0.210760
-1.374537 -0.158194 0.179367
-1.147734 -0.191794 0.103180
-0.729460 -0.214594 -0.037325
1.363051 -0.072995 0.216886
1.344816 -0.117394 0.210760
1.251359 -0.158195 0.179367
1.024557 -0.191794 0.103180
0.606283 -0.214595 -0.037325
1.136793 -0.117394 0.617803
1.057160 -0.158195 0.559361
0.863904 -0.191794 0.417533
0.507497 -0.214595 0.155971
0.817888 -0.117394 0.936708
0.759446 -0.158195 0.857075
0.617618 -0.191794 0.663819
0.356056 -0.214595 0.307412
0.416971 -0.072994 1.162966
0.410846 -0.117394 1.144730
0.379452 -0.158194 1.051274
0.303266 -0.191794 0.824471
0.162760 -0.214594 0.406197